1000
28 471
28 910
471 915
471 171
28 867
471 801
910 393
867 293
293 51
28 894
393 636
28 655
910 753
801 338
471 146
471 712
293 726
393 560
171 6
293 786
393 592
471 508
171 398
293 152
786 53
28 597
801 224
894 640
338 116
171 102
753 604
560 434
28 39
28 897
39 598
604 316
897 735
636 59
59 834
393 602
726 239
560 824
51 236
6 342
434 692
293 776
597 381
753 277
51 547
655 787
316 750
894 84
602 901
102 162
28 314
53 804
398 418
655 788
59 274
277 474
735 859
236 407
59 764
636 715
508 354
28 650
867 445
915 352
915 267
274 122
418 126
293 556
6 590
915 548
152 633
398 852
267 681
604 739
801 861
102 917
548 207
598 75
786 48
547 216
852 832
590 426
59 751
6 214
753 987
39 160
852 510
381 95
84 13
712 952
859 512
590 211
407 238
474 340
801 436
548 156
788 131
915 151
987 625
426 266
342 566
636 854
692 193
801 849
214 687
28 318
211 25
735 302
987 105
160 586
95 135
566 568
274 525
314 320
750 521
352 523
952 843
6 181
523 204
211 844
602 475
204 793
162 779
849 798
238 376
105 721
146 932
320 361
274 336
122 283
407 748
336 817
376 425
726 734
445 240
105 725
283 567
633 237
901 423
776 36
236 540
897 63
13 295
425 543
540 841
338 46
817 484
750 12
224 754
917 958
302 178
53 322
592 33
12 248
267 703
901 226
548 257
824 977
336 58
750 989
567 422
590 179
567 183
859 170
207 115
58 610
779 803
257 880
989 103
293 717
636 17
832 402
59 518
779 454
105 635
917 694
844 182
162 909
183 37
48 176
146 350
518 250
655 944
236 956
917 60
423 531
834 243
897 707
540 229
216 516
162 78
636 280
604 180
423 487
46 514
474 235
471 950
640 947
543 887
640 390
956 628
105 868
726 443
162 258
160 742
567 740
548 246
715 97
103 576
376 421
293 359
46 455
793 55
849 756
425 775
715 769
455 505
258 124
443 879
277 385
548 708
425 323
861 112
46 836
33 621
518 772
523 565
239 820
681 973
426 141
801 114
224 164
402 8
531 289
354 816
224 82
543 100
97 432
141 813
566 389
443 573
178 982
832 812
423 611
852 730
592 549
183 738
950 362
318 177
342 941
543 153
6 674
156 984
229 677
105 720
37 328
901 440
152 783
328 270
322 639
769 851
25 343
880 964
880 627
514 288
516 922
932 546
567 399
338 486
598 10
950 108
238 453
28 837
625 791
48 272
867 569
78 195
720 557
505 24
798 467
879 367
239 823
812 752
51 155
399 799
543 41
560 493
750 624
879 489
41 765
250 858
910 759
549 582
586 104
177 652
272 27
467 212
636 728
764 975
295 806
764 488
742 317
216 870
625 683
843 577
367 554
717 251
728 42
820 591
426 206
989 970
385 794
518 960
475 495
474 479
455 194
390 140
8 294
586 339
987 198
36 862
361 158
362 711
266 822
63 450
39 888
453 255
964 201
422 480
116 355
554 881
454 955
467 579
917 335
399 369
343 490
158 299
852 594
267 203
369 374
604 520
834 416
549 80
824 441
479 223
131 472
421 995
712 413
751 341
881 693
861 89
836 848
740 536
753 408
314 466
776 127
156 325
989 259
569 113
636 446
342 993
806 517
888 460
922 580
765 709
131 688
740 478
915 297
48 326
734 81
389 541
510 774
339 629
325 372
577 792
314 992
879 437
549 14
432 492
416 969
982 150
772 200
140 406
63 553
754 589
436 653
80 347
335 522
843 727
993 61
95 796
27 713
568 230
531 334
402 571
41 397
633 424
424 364
495 306
114 855
639 815
124 706
909 391
982 927
742 439
487 143
927 744
259 282
179 990
339 329
277 74
127 7
750 99
516 268
493 271
436 670
55 644
176 491
725 442
586 279
844 620
944 908
706 470
947 301
426 614
556 949
53 187
712 145
917 877
633 761
681 622
114 676
512 946
46 125
295 511
624 733
888 98
688 136
569 19
949 324
683 265
977 900
153 96
799 309
114 464
610 967
151 575
822 957
947 18
512 641
742 660
126 701
610 911
803 662
880 809
413 167
150 913
579 689
442 20
834 405
620 154
141 600
859 685
911 979
851 165
516 483
381 814
201 925
897 994
293 686
486 544
742 234
600 889
354 452
772 612
143 507
565 923
816 262
453 528
266 696
413 723
803 865
150 148
288 637
602 869
339 296
567 392
97 32
104 555
900 101
794 461
791 67
115 638
262 190
652 966
888 123
984 853
179 845
454 668
739 196
171 509
266 401
280 260
95 885
557 457
897 331
160 746
774 370
493 241
27 192
796 363
868 771
397 933
752 94
862 15
432 263
342 463
576 247
236 749
568 545
14 134
369 3
53 430
453 669
470 526
164 842
17 428
686 818
635 878
74 433
867 269
426 664
660 412
717 691
801 498
216 896
412 403
214 755
3 811
457 680
177 702
843 613
493 109
681 807
283 860
715 356
361 542
555 603
955 695
272 119
565 184
99 377
823 22
246 551
272 465
316 743
814 762
101 244
677 697
868 315
229 980
399 360
335 916
183 73
105 485
95 745
190 714
843 945
402 319
187 469
955 829
990 57
187 716
922 197
141 358
555 940
505 118
925 368
114 684
359 256
888 47
765 4
153 91
162 9
916 83
167 93
528 537
493 907
829 929
548 615
490 705
354 215
131 161
887 648
57 985
798 921
717 382
783 673
720 157
508 972
258 938
985 149
972 920
33 221
557 890
979 209
814 49
677 303
774 121
824 387
900 378
689 838
46 163
803 623
354 534
89 69
653 11
59 515
197 304
183 808
695 159
749 366
683 778
668 935
956 991
803 210
203 477
289 353
8 333
46 596
668 233
977 217
555 530
885 264
855 312
162 903
838 227
95 839
437 451
32 857
374 400
374 173
901 936
455 327
969 500
753 876
39 496
145 959
101 242
796 379
837 747
49 634
806 138
714 284
841 626
123 174
37 52
114 574
324 129
391 997
83 934
159 117
235 285
299 79
589 502
301 448
353 85
453 50
10 902
372 310
628 983
201 287
282 278
726 232
714 5
117 608
536 253
586 550
368 166
317 435
441 830
628 605
868 220
775 524
921 562
896 2
148 846
242 873
814 527
511 599
909 827
272 918
408 643
903 380
207 675
734 254
437 539
265 71
177 914
625 777
461 431
256 169
316 617
862 481
696 43
677 850
691 563
983 86
846 535
629 810
531 76
266 365
103 904
979 77
957 395
156 895
214 828
491 954
329 965
566 506
379 494
941 658
623 561
568 766
881 281
342 533
362 795
915 784
857 394
322 90
236 417
784 722
481 690
363 942
257 671
320 782
2 133
689 704
521 40
178 386
354 767
69 593
127 758
19 679
347 427
192 856
248 222
310 120
140 21
385 188
624 332
839 899
827 456
484 482
689 802
965 886
255 986
799 930
832 672
743 199
885 866
566 616
91 642
323 953
21 106
671 208
941 948
83 630
848 308
174 924
851 337
327 411
786 587
599 978
930 939
517 564
727 388
239 800
533 1000
605 757
212 429
9 719
603 225
208 64
714 137
676 926
170 420
487 884
751 68
479 311
612 700
916 773
704 790
170 107
381 261
100 906
74 330
141 578
544 595
323 666
841 971
622 847
284 532
713 501
196 893
166 572
564 66
945 937
506 476
137 770
920 609
157 631
263 882
728 504
138 44
929 988
889 943
517 741
336 111
591 175
43 458
553 375
126 38
492 130
380 34
744 468
14 736
377 348
9 875
642 414
104 558
458 919
458 292
167 646
671 16
787 298
495 649
988 45
411 345
412 186
223 760
837 928
508 819
747 585
613 139
809 409
485 872
569 30
374 678
652 273
910 581
774 168
40 826
806 351
22 202
720 473
477 503
418 373
566 438
832 357
151 538
772 142
469 724
102 912
541 663
13 831
827 213
630 404
541 632
334 891
302 996
476 419
876 415
17 710
818 657
610 645
80 35
170 968
176 218
121 291
473 607
9 768
322 144
186 313
771 665
853 92
328 29
657 905
595 780
446 88
891 606
158 659
925 72
238 651
942 840
918 245
322 513
129 552
312 499
297 228
533 410
92 647
836 191
773 185
118 70
751 290
76 23
362 732
775 699
165 601
328 874
222 62
240 346
432 307
851 821
424 871
714 344
85 349
555 951
730 321
843 654
340 999
687 26
755 570
778 519
993 56
701 447
536 797
188 785
479 718
472 619
131 931
424 835
935 998
889 87
606 898
738 65
797 383
670 892
603 189
140 371
335 588
629 219
14 981
498 963
42 286
287 864
24 698
285 54
561 172
965 584
874 249
447 31
180 661
534 805
83 974
916 883
478 976
87 559
571 132
663 276
308 763
271 275
699 305
124 128
787 497
940 731
161 462
928 110
607 449
784 396
80 252
144 1
964 961
791 781
338 459
965 825
402 444
497 147
297 656
239 384
304 583
896 729
726 737
748 682
463 962
359 667
128 205
623 300
43 231
140 529
147 863
137 618
707 789
586 833